Operator A:
1 0.1
378 1.2
234 2.3
247 1.2
437 1.23
8432 2.86
1578 1.2
324788 0.85
3242346 0.99

Operator B:
65 0.5
877 2.55

Operator C:
91 1.9
46 2.1
859 0.3

Operator D:
86 1.1
213 1.3
97433324 2.1
234 1.1
317 1.3
652 1.23
28 1.67
8532 1.59

Operator E:
12 1.59
557 1.2
885 1.34

Operator F:
444 0.4
255 0.2
9700 0.19
4322 0.58
12356 0.12

Operator G:
165 0.11
5357 1.23
43 1.68
2 1.0
7 1.0
35 1.2
634 1.34
89343 1.46
54358 1.59
745341 3.47


Operator H:
90 1
6459 2
2352 3
12368 4
523892 5

Operator I:
69 1.4
21325 1.5
342 1.7
4 1.9
672 1.74
86133 2.58
370 1.11

Operator J:
656 1.4
918860 1.11
3467 1.10
45583 1.12

Operator K:
7 1.6
918 1.9
54 1.87
765 1.54
89 1.66
6001 1.42

Operator L:
50 1.0
3123 2.7
6442 1.41
2369 1.28
3 1.19
446 1.10

Operator M:
42 2.7

Operator N:
422 1.3
7089 1.5
531 1.87
45 1.36
748 1.46
3 1.32
53 1.56
5 1.67
6 0.97
65 1.23


Operator O:
13 0.11
3 0.10

Operator P:
1323 0.05
56 1.2
7 1.2
54 1.2
535 1.2
5 1.2
575 1.2
543 1.2
66 1.2
32 1.2

Operator Q:
656 0.12
123 1.2
42 0.67
33 0.57
1 0.25
23 1
57 1
43 2

Operator R:
919 1.0
31 1
36 1.1
7 0.01
45 0.99
8 0.88
95 1.0
68 1.0

Operator S:
121 0.37
568 0.88
99 0.12
67543 0.13
453588 0.45
34 0.56

Operator T:
6564 0.55
34236 0.56
74 0.77
346 0.11
5431 0.22

Operator U:
55 1.1
7731 1.1
336 1.1
421 1.11

Operator V:
23 1.23

Operator W:
56 1.1
7690 1.1
433 1.23

Operator X:
787 1.39
2346 1.96
378 1.99
550 1.78
95543 1.89
23478 .19

Operator Y:
56 1.22
5783 1.09
389 1.09
843 1.90

Operator Z:
4564 1.1
13323 2.22
12312 2.1
5 1.0
34 1.1
6578 1.2
477 0.2
322 1.1
21356 1.0
784322 1.1

Operator AA:
977 1.4
3217888 1.43
42 2.1
43246 1.38
8511 1.38
12378
